 s2      :    -2.452690945278331     
 s2bond  :    -24.37502820694527     
